{
 "cells": [
  {
   "cell_type": "code",
   "execution_count": 104,
   "metadata": {},
   "outputs": [],
   "source": [
    "from sklearn.decomposition import PCA\n",
    "import numpy as np\n",
    "import matplotlib.pyplot as plt\n",
    "import seaborn as sns\n",
    "import pandas as pd\n",
    "%matplotlib inline"
   ]
  },
  {
   "cell_type": "code",
   "execution_count": 105,
   "metadata": {},
   "outputs": [],
   "source": [
    "popdf=pd.read_pickle('mergeddfclean.p')"
   ]
  },
  {
   "cell_type": "code",
   "execution_count": 106,
   "metadata": {},
   "outputs": [],
   "source": [
    "#remove the top percentiles from the price changed a lot, and then create a new column\n",
    "#where 0 is price != increase, and 1 is price increased, run a logistic regression and see what\n",
    "q = popdf[\"price\"].quantile(0.98)\n",
    "popdf = popdf[popdf[\"price\"] < q]\n",
    "\n",
    "q = popdf[\"price\"].quantile(0.02)\n",
    "popdf  = popdf[popdf[\"price\"] > q]\n"
   ]
  },
  {
   "cell_type": "code",
   "execution_count": 107,
   "metadata": {},
   "outputs": [
    {
     "name": "stdout",
     "output_type": "stream",
     "text": [
      "<class 'pandas.core.frame.DataFrame'>\n",
      "Int64Index: 81 entries, 0 to 80\n",
      "Data columns (total 5 columns):\n",
      "mortgrate    80 non-null float64\n",
      "unemp        80 non-null float64\n",
      "month        81 non-null int64\n",
      "year         81 non-null int64\n",
      "cpi          81 non-null float64\n",
      "dtypes: float64(3), int64(2)\n",
      "memory usage: 3.8 KB\n"
     ]
    },
    {
     "data": {
      "text/html": [
       "<div>\n",
       "<style scoped>\n",
       "    .dataframe tbody tr th:only-of-type {\n",
       "        vertical-align: middle;\n",
       "    }\n",
       "\n",
       "    .dataframe tbody tr th {\n",
       "        vertical-align: top;\n",
       "    }\n",
       "\n",
       "    .dataframe thead th {\n",
       "        text-align: right;\n",
       "    }\n",
       "</style>\n",
       "<table border=\"1\" class=\"dataframe\">\n",
       "  <thead>\n",
       "    <tr style=\"text-align: right;\">\n",
       "      <th></th>\n",
       "      <th>mortgrate</th>\n",
       "      <th>unemp</th>\n",
       "      <th>month</th>\n",
       "      <th>year</th>\n",
       "      <th>cpi</th>\n",
       "    </tr>\n",
       "  </thead>\n",
       "  <tbody>\n",
       "    <tr>\n",
       "      <th>count</th>\n",
       "      <td>80.000000</td>\n",
       "      <td>80.000000</td>\n",
       "      <td>81.000000</td>\n",
       "      <td>81.000000</td>\n",
       "      <td>81.000000</td>\n",
       "    </tr>\n",
       "    <tr>\n",
       "      <th>mean</th>\n",
       "      <td>-0.004124</td>\n",
       "      <td>-0.008163</td>\n",
       "      <td>6.333333</td>\n",
       "      <td>2012.888889</td>\n",
       "      <td>0.001383</td>\n",
       "    </tr>\n",
       "    <tr>\n",
       "      <th>std</th>\n",
       "      <td>0.033593</td>\n",
       "      <td>0.020650</td>\n",
       "      <td>3.420526</td>\n",
       "      <td>1.962142</td>\n",
       "      <td>0.003163</td>\n",
       "    </tr>\n",
       "    <tr>\n",
       "      <th>min</th>\n",
       "      <td>-0.066815</td>\n",
       "      <td>-0.060000</td>\n",
       "      <td>1.000000</td>\n",
       "      <td>2010.000000</td>\n",
       "      <td>-0.005670</td>\n",
       "    </tr>\n",
       "    <tr>\n",
       "      <th>25%</th>\n",
       "      <td>-0.028227</td>\n",
       "      <td>-0.021001</td>\n",
       "      <td>3.000000</td>\n",
       "      <td>2011.000000</td>\n",
       "      <td>-0.001040</td>\n",
       "    </tr>\n",
       "    <tr>\n",
       "      <th>50%</th>\n",
       "      <td>-0.007365</td>\n",
       "      <td>0.000000</td>\n",
       "      <td>6.000000</td>\n",
       "      <td>2013.000000</td>\n",
       "      <td>0.001245</td>\n",
       "    </tr>\n",
       "    <tr>\n",
       "      <th>75%</th>\n",
       "      <td>0.010795</td>\n",
       "      <td>0.000000</td>\n",
       "      <td>9.000000</td>\n",
       "      <td>2015.000000</td>\n",
       "      <td>0.003698</td>\n",
       "    </tr>\n",
       "    <tr>\n",
       "      <th>max</th>\n",
       "      <td>0.149718</td>\n",
       "      <td>0.042553</td>\n",
       "      <td>12.000000</td>\n",
       "      <td>2016.000000</td>\n",
       "      <td>0.009751</td>\n",
       "    </tr>\n",
       "  </tbody>\n",
       "</table>\n",
       "</div>"
      ],
      "text/plain": [
       "       mortgrate      unemp      month         year        cpi\n",
       "count  80.000000  80.000000  81.000000    81.000000  81.000000\n",
       "mean   -0.004124  -0.008163   6.333333  2012.888889   0.001383\n",
       "std     0.033593   0.020650   3.420526     1.962142   0.003163\n",
       "min    -0.066815  -0.060000   1.000000  2010.000000  -0.005670\n",
       "25%    -0.028227  -0.021001   3.000000  2011.000000  -0.001040\n",
       "50%    -0.007365   0.000000   6.000000  2013.000000   0.001245\n",
       "75%     0.010795   0.000000   9.000000  2015.000000   0.003698\n",
       "max     0.149718   0.042553  12.000000  2016.000000   0.009751"
      ]
     },
     "execution_count": 107,
     "metadata": {},
     "output_type": "execute_result"
    }
   ],
   "source": [
    "import pandas as pd\n",
    "import seaborn as sns\n",
    "rates=pd.read_pickle('mortunempcpi.p')\n",
    "rates.info()\n",
    "rates.describe()"
   ]
  },
  {
   "cell_type": "code",
   "execution_count": 108,
   "metadata": {},
   "outputs": [
    {
     "data": {
      "text/html": [
       "<div>\n",
       "<style scoped>\n",
       "    .dataframe tbody tr th:only-of-type {\n",
       "        vertical-align: middle;\n",
       "    }\n",
       "\n",
       "    .dataframe tbody tr th {\n",
       "        vertical-align: top;\n",
       "    }\n",
       "\n",
       "    .dataframe thead th {\n",
       "        text-align: right;\n",
       "    }\n",
       "</style>\n",
       "<table border=\"1\" class=\"dataframe\">\n",
       "  <thead>\n",
       "    <tr style=\"text-align: right;\">\n",
       "      <th></th>\n",
       "      <th>mortgrate</th>\n",
       "      <th>unemp</th>\n",
       "      <th>month</th>\n",
       "      <th>year</th>\n",
       "      <th>cpi</th>\n",
       "    </tr>\n",
       "    <tr>\n",
       "      <th>period</th>\n",
       "      <th></th>\n",
       "      <th></th>\n",
       "      <th></th>\n",
       "      <th></th>\n",
       "      <th></th>\n",
       "    </tr>\n",
       "  </thead>\n",
       "  <tbody>\n",
       "    <tr>\n",
       "      <th>2010-01-01</th>\n",
       "      <td>NaN</td>\n",
       "      <td>NaN</td>\n",
       "      <td>1</td>\n",
       "      <td>2010</td>\n",
       "      <td>0.003417</td>\n",
       "    </tr>\n",
       "    <tr>\n",
       "      <th>2010-02-01</th>\n",
       "      <td>-0.007952</td>\n",
       "      <td>0.000000</td>\n",
       "      <td>2</td>\n",
       "      <td>2010</td>\n",
       "      <td>0.000249</td>\n",
       "    </tr>\n",
       "    <tr>\n",
       "      <th>2010-03-01</th>\n",
       "      <td>-0.004008</td>\n",
       "      <td>0.010204</td>\n",
       "      <td>3</td>\n",
       "      <td>2010</td>\n",
       "      <td>0.004106</td>\n",
       "    </tr>\n",
       "    <tr>\n",
       "      <th>2010-04-01</th>\n",
       "      <td>0.026157</td>\n",
       "      <td>0.000000</td>\n",
       "      <td>4</td>\n",
       "      <td>2010</td>\n",
       "      <td>0.001737</td>\n",
       "    </tr>\n",
       "    <tr>\n",
       "      <th>2010-05-01</th>\n",
       "      <td>-0.041176</td>\n",
       "      <td>-0.030303</td>\n",
       "      <td>5</td>\n",
       "      <td>2010</td>\n",
       "      <td>0.000775</td>\n",
       "    </tr>\n",
       "  </tbody>\n",
       "</table>\n",
       "</div>"
      ],
      "text/plain": [
       "            mortgrate     unemp  month  year       cpi\n",
       "period                                                \n",
       "2010-01-01        NaN       NaN      1  2010  0.003417\n",
       "2010-02-01  -0.007952  0.000000      2  2010  0.000249\n",
       "2010-03-01  -0.004008  0.010204      3  2010  0.004106\n",
       "2010-04-01   0.026157  0.000000      4  2010  0.001737\n",
       "2010-05-01  -0.041176 -0.030303      5  2010  0.000775"
      ]
     },
     "execution_count": 108,
     "metadata": {},
     "output_type": "execute_result"
    }
   ],
   "source": [
    "rates[\"period\"] = rates[\"year\"].map(str) + '-' + rates[\"month\"].map(str)\n",
    "rates['period'] =  pd.to_datetime(rates['period'], format='%Y-%m')\n",
    "rates.set_index('period', inplace=True)\n",
    "#rates['period'].reset_index()\n",
    "rates.head()"
   ]
  },
  {
   "cell_type": "code",
   "execution_count": 109,
   "metadata": {},
   "outputs": [],
   "source": [
    "popdf.columns\n",
    "popdf.set_index('Year', inplace=True)\n",
    "popdf['month'] = pd.DatetimeIndex(popdf.index).month\n",
    "popdf['year']=pd.DatetimeIndex(popdf.index).year"
   ]
  },
  {
   "cell_type": "code",
   "execution_count": 110,
   "metadata": {},
   "outputs": [
    {
     "name": "stdout",
     "output_type": "stream",
     "text": [
      "(9320, 13)\n"
     ]
    }
   ],
   "source": [
    "ratespop=pd.merge(rates, popdf, how='inner', left_on=['month', 'year'],right_on=['month', 'year'])\n",
    "print(ratespop.shape)\n",
    "ratespop2=ratespop.drop('year', axis=1)\n",
    "ratespop2=ratespop2.drop('month', axis=1)\n",
    "ratespop2=ratespop2.drop('county', axis=1)\n",
    "ratespop2=ratespop2.drop('price', axis=1)"
   ]
  },
  {
   "cell_type": "code",
   "execution_count": 111,
   "metadata": {},
   "outputs": [
    {
     "data": {
      "text/html": [
       "<div>\n",
       "<style scoped>\n",
       "    .dataframe tbody tr th:only-of-type {\n",
       "        vertical-align: middle;\n",
       "    }\n",
       "\n",
       "    .dataframe tbody tr th {\n",
       "        vertical-align: top;\n",
       "    }\n",
       "\n",
       "    .dataframe thead th {\n",
       "        text-align: right;\n",
       "    }\n",
       "</style>\n",
       "<table border=\"1\" class=\"dataframe\">\n",
       "  <thead>\n",
       "    <tr style=\"text-align: right;\">\n",
       "      <th></th>\n",
       "      <th>mortgrate</th>\n",
       "      <th>unemp</th>\n",
       "      <th>cpi</th>\n",
       "      <th>RDEATH2016</th>\n",
       "      <th>RNETMIG2016</th>\n",
       "      <th>RNATURALINC2016</th>\n",
       "      <th>RINTERNATIONALMIG2016</th>\n",
       "      <th>RDOMESTICMIG2016</th>\n",
       "      <th>RBIRTH2016</th>\n",
       "    </tr>\n",
       "  </thead>\n",
       "  <tbody>\n",
       "    <tr>\n",
       "      <th>mortgrate</th>\n",
       "      <td>1.000000</td>\n",
       "      <td>-0.196445</td>\n",
       "      <td>0.787337</td>\n",
       "      <td>-0.034643</td>\n",
       "      <td>-0.043474</td>\n",
       "      <td>0.023922</td>\n",
       "      <td>-0.054041</td>\n",
       "      <td>-0.033806</td>\n",
       "      <td>0.003776</td>\n",
       "    </tr>\n",
       "    <tr>\n",
       "      <th>unemp</th>\n",
       "      <td>-0.196445</td>\n",
       "      <td>1.000000</td>\n",
       "      <td>-0.734586</td>\n",
       "      <td>0.041237</td>\n",
       "      <td>-0.002148</td>\n",
       "      <td>-0.027799</td>\n",
       "      <td>0.013611</td>\n",
       "      <td>-0.004671</td>\n",
       "      <td>-0.003367</td>\n",
       "    </tr>\n",
       "    <tr>\n",
       "      <th>cpi</th>\n",
       "      <td>0.787337</td>\n",
       "      <td>-0.734586</td>\n",
       "      <td>1.000000</td>\n",
       "      <td>-0.046036</td>\n",
       "      <td>-0.031679</td>\n",
       "      <td>0.030251</td>\n",
       "      <td>-0.039785</td>\n",
       "      <td>-0.024559</td>\n",
       "      <td>0.002454</td>\n",
       "    </tr>\n",
       "    <tr>\n",
       "      <th>RDEATH2016</th>\n",
       "      <td>-0.034643</td>\n",
       "      <td>0.041237</td>\n",
       "      <td>-0.046036</td>\n",
       "      <td>1.000000</td>\n",
       "      <td>-0.163762</td>\n",
       "      <td>-0.824252</td>\n",
       "      <td>-0.443752</td>\n",
       "      <td>-0.083083</td>\n",
       "      <td>-0.331764</td>\n",
       "    </tr>\n",
       "    <tr>\n",
       "      <th>RNETMIG2016</th>\n",
       "      <td>-0.043474</td>\n",
       "      <td>-0.002148</td>\n",
       "      <td>-0.031679</td>\n",
       "      <td>-0.163762</td>\n",
       "      <td>1.000000</td>\n",
       "      <td>0.038587</td>\n",
       "      <td>0.127528</td>\n",
       "      <td>0.983157</td>\n",
       "      <td>-0.106269</td>\n",
       "    </tr>\n",
       "    <tr>\n",
       "      <th>RNATURALINC2016</th>\n",
       "      <td>0.023922</td>\n",
       "      <td>-0.027799</td>\n",
       "      <td>0.030251</td>\n",
       "      <td>-0.824252</td>\n",
       "      <td>0.038587</td>\n",
       "      <td>1.000000</td>\n",
       "      <td>0.413095</td>\n",
       "      <td>-0.037277</td>\n",
       "      <td>0.807610</td>\n",
       "    </tr>\n",
       "    <tr>\n",
       "      <th>RINTERNATIONALMIG2016</th>\n",
       "      <td>-0.054041</td>\n",
       "      <td>0.013611</td>\n",
       "      <td>-0.039785</td>\n",
       "      <td>-0.443752</td>\n",
       "      <td>0.127528</td>\n",
       "      <td>0.413095</td>\n",
       "      <td>1.000000</td>\n",
       "      <td>-0.055890</td>\n",
       "      <td>0.226079</td>\n",
       "    </tr>\n",
       "    <tr>\n",
       "      <th>RDOMESTICMIG2016</th>\n",
       "      <td>-0.033806</td>\n",
       "      <td>-0.004671</td>\n",
       "      <td>-0.024559</td>\n",
       "      <td>-0.083083</td>\n",
       "      <td>0.983157</td>\n",
       "      <td>-0.037277</td>\n",
       "      <td>-0.055890</td>\n",
       "      <td>1.000000</td>\n",
       "      <td>-0.148635</td>\n",
       "    </tr>\n",
       "    <tr>\n",
       "      <th>RBIRTH2016</th>\n",
       "      <td>0.003776</td>\n",
       "      <td>-0.003367</td>\n",
       "      <td>0.002454</td>\n",
       "      <td>-0.331764</td>\n",
       "      <td>-0.106269</td>\n",
       "      <td>0.807610</td>\n",
       "      <td>0.226079</td>\n",
       "      <td>-0.148635</td>\n",
       "      <td>1.000000</td>\n",
       "    </tr>\n",
       "  </tbody>\n",
       "</table>\n",
       "</div>"
      ],
      "text/plain": [
       "                       mortgrate     unemp       cpi  RDEATH2016  RNETMIG2016  \\\n",
       "mortgrate               1.000000 -0.196445  0.787337   -0.034643    -0.043474   \n",
       "unemp                  -0.196445  1.000000 -0.734586    0.041237    -0.002148   \n",
       "cpi                     0.787337 -0.734586  1.000000   -0.046036    -0.031679   \n",
       "RDEATH2016             -0.034643  0.041237 -0.046036    1.000000    -0.163762   \n",
       "RNETMIG2016            -0.043474 -0.002148 -0.031679   -0.163762     1.000000   \n",
       "RNATURALINC2016         0.023922 -0.027799  0.030251   -0.824252     0.038587   \n",
       "RINTERNATIONALMIG2016  -0.054041  0.013611 -0.039785   -0.443752     0.127528   \n",
       "RDOMESTICMIG2016       -0.033806 -0.004671 -0.024559   -0.083083     0.983157   \n",
       "RBIRTH2016              0.003776 -0.003367  0.002454   -0.331764    -0.106269   \n",
       "\n",
       "                       RNATURALINC2016  RINTERNATIONALMIG2016  \\\n",
       "mortgrate                     0.023922              -0.054041   \n",
       "unemp                        -0.027799               0.013611   \n",
       "cpi                           0.030251              -0.039785   \n",
       "RDEATH2016                   -0.824252              -0.443752   \n",
       "RNETMIG2016                   0.038587               0.127528   \n",
       "RNATURALINC2016               1.000000               0.413095   \n",
       "RINTERNATIONALMIG2016         0.413095               1.000000   \n",
       "RDOMESTICMIG2016             -0.037277              -0.055890   \n",
       "RBIRTH2016                    0.807610               0.226079   \n",
       "\n",
       "                       RDOMESTICMIG2016  RBIRTH2016  \n",
       "mortgrate                     -0.033806    0.003776  \n",
       "unemp                         -0.004671   -0.003367  \n",
       "cpi                           -0.024559    0.002454  \n",
       "RDEATH2016                    -0.083083   -0.331764  \n",
       "RNETMIG2016                    0.983157   -0.106269  \n",
       "RNATURALINC2016               -0.037277    0.807610  \n",
       "RINTERNATIONALMIG2016         -0.055890    0.226079  \n",
       "RDOMESTICMIG2016               1.000000   -0.148635  \n",
       "RBIRTH2016                    -0.148635    1.000000  "
      ]
     },
     "execution_count": 111,
     "metadata": {},
     "output_type": "execute_result"
    }
   ],
   "source": [
    "ratespop2.corr()"
   ]
  },
  {
   "cell_type": "code",
   "execution_count": 112,
   "metadata": {},
   "outputs": [
    {
     "name": "stdout",
     "output_type": "stream",
     "text": [
      "<class 'pandas.core.frame.DataFrame'>\n",
      "Int64Index: 9320 entries, 0 to 9319\n",
      "Data columns (total 9 columns):\n",
      "mortgrate                9320 non-null float64\n",
      "unemp                    9320 non-null float64\n",
      "cpi                      9320 non-null float64\n",
      "RDEATH2016               9320 non-null float64\n",
      "RNETMIG2016              9320 non-null float64\n",
      "RNATURALINC2016          9320 non-null float64\n",
      "RINTERNATIONALMIG2016    9320 non-null float64\n",
      "RDOMESTICMIG2016         9320 non-null float64\n",
      "RBIRTH2016               9320 non-null float64\n",
      "dtypes: float64(9)\n",
      "memory usage: 728.1 KB\n"
     ]
    }
   ],
   "source": [
    "ratespop2.info()"
   ]
  },
  {
   "cell_type": "code",
   "execution_count": 113,
   "metadata": {},
   "outputs": [
    {
     "data": {
      "text/plain": [
       "mortgrate                0\n",
       "unemp                    0\n",
       "cpi                      0\n",
       "RDEATH2016               0\n",
       "RNETMIG2016              0\n",
       "RNATURALINC2016          0\n",
       "RINTERNATIONALMIG2016    0\n",
       "RDOMESTICMIG2016         0\n",
       "RBIRTH2016               0\n",
       "dtype: int64"
      ]
     },
     "execution_count": 113,
     "metadata": {},
     "output_type": "execute_result"
    }
   ],
   "source": [
    "ratespop2.isnull().sum()"
   ]
  },
  {
   "cell_type": "code",
   "execution_count": 114,
   "metadata": {},
   "outputs": [
    {
     "name": "stdout",
     "output_type": "stream",
     "text": [
      "[1.67908255e+02 2.39359359e+01 4.22729487e+00 2.84591986e+00\n",
      " 4.13845496e-04 2.55274324e-04 3.26655239e-07 4.16245270e-19\n",
      " 4.93679901e-20]\n",
      "[[-5.75861450e-05 -4.71063249e-06 -7.21261657e-06 -2.41443316e-02\n",
      "   7.09187299e-01  4.93697020e-04  4.99565538e-03  7.04191643e-01\n",
      "  -2.36506346e-02]\n",
      " [ 7.44030862e-05 -9.01102057e-05  1.78621642e-05 -4.18736166e-01\n",
      "   8.18247490e-02  7.98800946e-01  1.67571142e-01 -8.57463934e-02\n",
      "   3.80064780e-01]\n",
      " [-1.42592704e-04 -4.51430102e-05 -3.72093731e-06 -4.79140439e-01\n",
      "   2.33912341e-01 -1.24467989e-01  5.09713428e-01 -2.75801087e-01\n",
      "  -6.03608428e-01]\n",
      " [-9.72809841e-04  4.87978541e-04 -1.60717395e-04  5.11045857e-01\n",
      "   3.19858725e-01 -1.14416519e-01  6.15429387e-01 -2.95570662e-01\n",
      "   3.96629337e-01]\n",
      " [-8.57906849e-01  4.89241488e-01 -1.56962969e-01 -5.58294765e-04\n",
      "  -4.00110339e-04  2.26661827e-04 -7.09160282e-04  3.09049362e-04\n",
      "  -3.31633017e-04]\n",
      " [ 5.00974751e-01  8.64338415e-01 -4.40838431e-02 -4.10759223e-05\n",
      "   7.10158610e-05  1.26660817e-05  9.93125234e-05 -2.82973779e-05\n",
      "  -2.84102642e-05]\n",
      " [ 1.14101540e-01 -1.16454384e-01 -9.86620097e-01  1.80760835e-06\n",
      "   3.79585470e-06 -3.06271420e-06  9.20332174e-06 -5.41942996e-06\n",
      "  -1.24757033e-06]\n",
      " [ 7.06172179e-10 -2.81046033e-10 -6.87242959e-09 -1.72222250e-03\n",
      "  -5.77347701e-01 -1.72222250e-03  5.77347701e-01  5.77347701e-01\n",
      "   1.72222250e-03]\n",
      " [ 4.15604998e-10 -7.41488055e-10 -4.29491164e-09  5.77347701e-01\n",
      "  -1.72222250e-03  5.77347701e-01  1.72222250e-03  1.72222250e-03\n",
      "  -5.77347701e-01]]\n",
      "Explained variance:             [8.44107580e-01 1.20330623e-01 2.12514366e-02 1.43069948e-02\n",
      " 2.08048211e-06 1.28331387e-06 1.64215966e-09 2.09254624e-21\n",
      " 2.48182525e-22]\n",
      "Cumulative explained variance:  [0.84410758 0.9644382  0.98568964 0.99999663 0.99999872 1.\n",
      " 1.         1.         1.        ]\n"
     ]
    }
   ],
   "source": [
    "pca=PCA()\n",
    "pca=pca.fit(ratespop2)\n",
    "print(pca.explained_variance_)\n",
    "print(pca.components_)\n",
    "\n",
    "var_exp = pca.explained_variance_ratio_\n",
    "print('Explained variance:            ', var_exp)\n",
    "\n",
    "cum_var_exp = np.cumsum(var_exp)\n",
    "print('Cumulative explained variance: ', cum_var_exp)"
   ]
  },
  {
   "cell_type": "code",
   "execution_count": 118,
   "metadata": {},
   "outputs": [
    {
     "data": {
      "text/html": [
       "<div>\n",
       "<style scoped>\n",
       "    .dataframe tbody tr th:only-of-type {\n",
       "        vertical-align: middle;\n",
       "    }\n",
       "\n",
       "    .dataframe tbody tr th {\n",
       "        vertical-align: top;\n",
       "    }\n",
       "\n",
       "    .dataframe thead th {\n",
       "        text-align: right;\n",
       "    }\n",
       "</style>\n",
       "<table border=\"1\" class=\"dataframe\">\n",
       "  <thead>\n",
       "    <tr style=\"text-align: right;\">\n",
       "      <th></th>\n",
       "      <th>PC1</th>\n",
       "      <th>PC2</th>\n",
       "      <th>PC3</th>\n",
       "      <th>PC4</th>\n",
       "      <th>PC5</th>\n",
       "      <th>PC6</th>\n",
       "      <th>PC7</th>\n",
       "      <th>PC8</th>\n",
       "      <th>PC9</th>\n",
       "    </tr>\n",
       "  </thead>\n",
       "  <tbody>\n",
       "    <tr>\n",
       "      <th>0</th>\n",
       "      <td>7.257891</td>\n",
       "      <td>0.589137</td>\n",
       "      <td>-0.747965</td>\n",
       "      <td>-1.066789</td>\n",
       "      <td>-0.024137</td>\n",
       "      <td>-0.001601</td>\n",
       "      <td>0.001090</td>\n",
       "      <td>-9.949948e-13</td>\n",
       "      <td>6.240798e-11</td>\n",
       "    </tr>\n",
       "    <tr>\n",
       "      <th>1</th>\n",
       "      <td>20.332331</td>\n",
       "      <td>0.243135</td>\n",
       "      <td>-1.055247</td>\n",
       "      <td>0.251952</td>\n",
       "      <td>-0.026224</td>\n",
       "      <td>-0.001146</td>\n",
       "      <td>0.001086</td>\n",
       "      <td>1.258096e-10</td>\n",
       "      <td>-4.840874e-11</td>\n",
       "    </tr>\n",
       "    <tr>\n",
       "      <th>2</th>\n",
       "      <td>-3.007800</td>\n",
       "      <td>-1.626953</td>\n",
       "      <td>-2.167134</td>\n",
       "      <td>0.025785</td>\n",
       "      <td>-0.024945</td>\n",
       "      <td>-0.002120</td>\n",
       "      <td>0.001104</td>\n",
       "      <td>-4.799717e-12</td>\n",
       "      <td>1.193544e-10</td>\n",
       "    </tr>\n",
       "    <tr>\n",
       "      <th>3</th>\n",
       "      <td>1.244518</td>\n",
       "      <td>1.325772</td>\n",
       "      <td>-2.087272</td>\n",
       "      <td>-0.725813</td>\n",
       "      <td>-0.024005</td>\n",
       "      <td>-0.001895</td>\n",
       "      <td>0.001089</td>\n",
       "      <td>1.056491e-10</td>\n",
       "      <td>1.756789e-10</td>\n",
       "    </tr>\n",
       "    <tr>\n",
       "      <th>4</th>\n",
       "      <td>7.469657</td>\n",
       "      <td>-6.375063</td>\n",
       "      <td>0.335907</td>\n",
       "      <td>-0.476887</td>\n",
       "      <td>-0.025676</td>\n",
       "      <td>-0.001729</td>\n",
       "      <td>0.001113</td>\n",
       "      <td>7.944222e-11</td>\n",
       "      <td>-1.618503e-10</td>\n",
       "    </tr>\n",
       "  </tbody>\n",
       "</table>\n",
       "</div>"
      ],
      "text/plain": [
       "         PC1       PC2       PC3       PC4       PC5       PC6       PC7  \\\n",
       "0   7.257891  0.589137 -0.747965 -1.066789 -0.024137 -0.001601  0.001090   \n",
       "1  20.332331  0.243135 -1.055247  0.251952 -0.026224 -0.001146  0.001086   \n",
       "2  -3.007800 -1.626953 -2.167134  0.025785 -0.024945 -0.002120  0.001104   \n",
       "3   1.244518  1.325772 -2.087272 -0.725813 -0.024005 -0.001895  0.001089   \n",
       "4   7.469657 -6.375063  0.335907 -0.476887 -0.025676 -0.001729  0.001113   \n",
       "\n",
       "            PC8           PC9  \n",
       "0 -9.949948e-13  6.240798e-11  \n",
       "1  1.258096e-10 -4.840874e-11  \n",
       "2 -4.799717e-12  1.193544e-10  \n",
       "3  1.056491e-10  1.756789e-10  \n",
       "4  7.944222e-11 -1.618503e-10  "
      ]
     },
     "execution_count": 118,
     "metadata": {},
     "output_type": "execute_result"
    }
   ],
   "source": [
    "Z = pca.transform(ratespop2)\n",
    "\n",
    "features_pca = ['PC'+str(i+1) for i in range(pca.n_components_)]\n",
    "Z = pd.DataFrame(Z, columns=features_pca)\n",
    "Z.head(5)"
   ]
  },
  {
   "cell_type": "code",
   "execution_count": 116,
   "metadata": {},
   "outputs": [
    {
     "data": {
      "text/html": [
       "<div>\n",
       "<style scoped>\n",
       "    .dataframe tbody tr th:only-of-type {\n",
       "        vertical-align: middle;\n",
       "    }\n",
       "\n",
       "    .dataframe tbody tr th {\n",
       "        vertical-align: top;\n",
       "    }\n",
       "\n",
       "    .dataframe thead th {\n",
       "        text-align: right;\n",
       "    }\n",
       "</style>\n",
       "<table border=\"1\" class=\"dataframe\">\n",
       "  <thead>\n",
       "    <tr style=\"text-align: right;\">\n",
       "      <th></th>\n",
       "      <th>PC1</th>\n",
       "      <th>PC2</th>\n",
       "      <th>PC3</th>\n",
       "      <th>PC4</th>\n",
       "      <th>PC5</th>\n",
       "      <th>PC6</th>\n",
       "      <th>PC7</th>\n",
       "      <th>PC8</th>\n",
       "      <th>PC9</th>\n",
       "    </tr>\n",
       "  </thead>\n",
       "  <tbody>\n",
       "    <tr>\n",
       "      <th>PC1</th>\n",
       "      <td>1.000000e+00</td>\n",
       "      <td>-2.312925e-16</td>\n",
       "      <td>-1.850072e-16</td>\n",
       "      <td>5.646162e-16</td>\n",
       "      <td>4.433713e-14</td>\n",
       "      <td>1.278194e-13</td>\n",
       "      <td>-5.594137e-13</td>\n",
       "      <td>-5.893166e-07</td>\n",
       "      <td>1.051095e-06</td>\n",
       "    </tr>\n",
       "    <tr>\n",
       "      <th>PC2</th>\n",
       "      <td>-2.312925e-16</td>\n",
       "      <td>1.000000e+00</td>\n",
       "      <td>-3.387038e-16</td>\n",
       "      <td>1.066953e-15</td>\n",
       "      <td>3.316303e-15</td>\n",
       "      <td>-6.786006e-15</td>\n",
       "      <td>2.808171e-13</td>\n",
       "      <td>6.020347e-07</td>\n",
       "      <td>-3.623488e-06</td>\n",
       "    </tr>\n",
       "    <tr>\n",
       "      <th>PC3</th>\n",
       "      <td>-1.850072e-16</td>\n",
       "      <td>-3.387038e-16</td>\n",
       "      <td>1.000000e+00</td>\n",
       "      <td>-2.477984e-16</td>\n",
       "      <td>1.286630e-14</td>\n",
       "      <td>-9.942074e-15</td>\n",
       "      <td>-1.975331e-13</td>\n",
       "      <td>2.014268e-07</td>\n",
       "      <td>2.827589e-06</td>\n",
       "    </tr>\n",
       "    <tr>\n",
       "      <th>PC4</th>\n",
       "      <td>5.646162e-16</td>\n",
       "      <td>1.066953e-15</td>\n",
       "      <td>-2.477984e-16</td>\n",
       "      <td>1.000000e+00</td>\n",
       "      <td>-1.117544e-14</td>\n",
       "      <td>1.242040e-14</td>\n",
       "      <td>2.614706e-13</td>\n",
       "      <td>-5.061260e-07</td>\n",
       "      <td>-2.140327e-06</td>\n",
       "    </tr>\n",
       "    <tr>\n",
       "      <th>PC5</th>\n",
       "      <td>4.433713e-14</td>\n",
       "      <td>3.316303e-15</td>\n",
       "      <td>1.286630e-14</td>\n",
       "      <td>-1.117544e-14</td>\n",
       "      <td>1.000000e+00</td>\n",
       "      <td>1.043891e-14</td>\n",
       "      <td>-1.166502e-13</td>\n",
       "      <td>-3.600169e-07</td>\n",
       "      <td>3.020950e-07</td>\n",
       "    </tr>\n",
       "    <tr>\n",
       "      <th>PC6</th>\n",
       "      <td>1.278194e-13</td>\n",
       "      <td>-6.786006e-15</td>\n",
       "      <td>-9.942074e-15</td>\n",
       "      <td>1.242040e-14</td>\n",
       "      <td>1.043891e-14</td>\n",
       "      <td>1.000000e+00</td>\n",
       "      <td>-1.527426e-13</td>\n",
       "      <td>-2.104332e-07</td>\n",
       "      <td>-2.481415e-07</td>\n",
       "    </tr>\n",
       "    <tr>\n",
       "      <th>PC7</th>\n",
       "      <td>-5.594137e-13</td>\n",
       "      <td>2.808171e-13</td>\n",
       "      <td>-1.975331e-13</td>\n",
       "      <td>2.614706e-13</td>\n",
       "      <td>-1.166502e-13</td>\n",
       "      <td>-1.527426e-13</td>\n",
       "      <td>1.000000e+00</td>\n",
       "      <td>-3.308488e-07</td>\n",
       "      <td>-1.102646e-06</td>\n",
       "    </tr>\n",
       "    <tr>\n",
       "      <th>PC8</th>\n",
       "      <td>-5.893166e-07</td>\n",
       "      <td>6.020347e-07</td>\n",
       "      <td>2.014268e-07</td>\n",
       "      <td>-5.061260e-07</td>\n",
       "      <td>-3.600169e-07</td>\n",
       "      <td>-2.104332e-07</td>\n",
       "      <td>-3.308488e-07</td>\n",
       "      <td>1.000000e+00</td>\n",
       "      <td>-1.733223e-08</td>\n",
       "    </tr>\n",
       "    <tr>\n",
       "      <th>PC9</th>\n",
       "      <td>1.051095e-06</td>\n",
       "      <td>-3.623488e-06</td>\n",
       "      <td>2.827589e-06</td>\n",
       "      <td>-2.140327e-06</td>\n",
       "      <td>3.020950e-07</td>\n",
       "      <td>-2.481415e-07</td>\n",
       "      <td>-1.102646e-06</td>\n",
       "      <td>-1.733223e-08</td>\n",
       "      <td>1.000000e+00</td>\n",
       "    </tr>\n",
       "  </tbody>\n",
       "</table>\n",
       "</div>"
      ],
      "text/plain": [
       "              PC1           PC2           PC3           PC4           PC5  \\\n",
       "PC1  1.000000e+00 -2.312925e-16 -1.850072e-16  5.646162e-16  4.433713e-14   \n",
       "PC2 -2.312925e-16  1.000000e+00 -3.387038e-16  1.066953e-15  3.316303e-15   \n",
       "PC3 -1.850072e-16 -3.387038e-16  1.000000e+00 -2.477984e-16  1.286630e-14   \n",
       "PC4  5.646162e-16  1.066953e-15 -2.477984e-16  1.000000e+00 -1.117544e-14   \n",
       "PC5  4.433713e-14  3.316303e-15  1.286630e-14 -1.117544e-14  1.000000e+00   \n",
       "PC6  1.278194e-13 -6.786006e-15 -9.942074e-15  1.242040e-14  1.043891e-14   \n",
       "PC7 -5.594137e-13  2.808171e-13 -1.975331e-13  2.614706e-13 -1.166502e-13   \n",
       "PC8 -5.893166e-07  6.020347e-07  2.014268e-07 -5.061260e-07 -3.600169e-07   \n",
       "PC9  1.051095e-06 -3.623488e-06  2.827589e-06 -2.140327e-06  3.020950e-07   \n",
       "\n",
       "              PC6           PC7           PC8           PC9  \n",
       "PC1  1.278194e-13 -5.594137e-13 -5.893166e-07  1.051095e-06  \n",
       "PC2 -6.786006e-15  2.808171e-13  6.020347e-07 -3.623488e-06  \n",
       "PC3 -9.942074e-15 -1.975331e-13  2.014268e-07  2.827589e-06  \n",
       "PC4  1.242040e-14  2.614706e-13 -5.061260e-07 -2.140327e-06  \n",
       "PC5  1.043891e-14 -1.166502e-13 -3.600169e-07  3.020950e-07  \n",
       "PC6  1.000000e+00 -1.527426e-13 -2.104332e-07 -2.481415e-07  \n",
       "PC7 -1.527426e-13  1.000000e+00 -3.308488e-07 -1.102646e-06  \n",
       "PC8 -2.104332e-07 -3.308488e-07  1.000000e+00 -1.733223e-08  \n",
       "PC9 -2.481415e-07 -1.102646e-06 -1.733223e-08  1.000000e+00  "
      ]
     },
     "execution_count": 116,
     "metadata": {},
     "output_type": "execute_result"
    }
   ],
   "source": [
    "Z.corr()"
   ]
  },
  {
   "cell_type": "code",
   "execution_count": 53,
   "metadata": {},
   "outputs": [
    {
     "data": {
      "text/plain": [
       "array([[ 1.67908255e+02, -1.61764939e-14, -4.91028567e-15,\n",
       "         1.43343743e-14,  1.16886148e-14,  2.64572139e-14,\n",
       "        -4.14255615e-15, -4.92673689e-15,  3.02622201e-15],\n",
       "       [-1.61764939e-14,  2.39359359e+01, -3.69033892e-15,\n",
       "         9.05810463e-15,  3.27378191e-16, -5.28103511e-16,\n",
       "         7.85240200e-16,  1.90029669e-15, -3.93889839e-15],\n",
       "       [-4.91028567e-15, -3.69033892e-15,  4.22729487e+00,\n",
       "        -5.61175505e-16,  5.37058028e-16, -3.25704338e-16,\n",
       "        -2.32172466e-16,  2.67191859e-16,  1.29172544e-15],\n",
       "       [ 1.43343743e-14,  9.05810463e-15, -5.61175505e-16,\n",
       "         2.84591986e+00, -3.84962298e-16,  3.36361002e-16,\n",
       "         2.52144310e-16, -5.50864316e-16, -8.02258254e-16],\n",
       "       [ 1.16886148e-14,  3.27378191e-16,  5.37058028e-16,\n",
       "        -3.84962298e-16,  4.13845496e-04,  3.47447298e-18,\n",
       "        -1.38290749e-18, -4.72516226e-18,  1.36548029e-18],\n",
       "       [ 2.64572139e-14, -5.28103511e-16, -3.25704338e-16,\n",
       "         3.36361002e-16,  3.47447298e-18,  2.55274324e-04,\n",
       "        -1.39476868e-18, -2.16916474e-18, -8.80898260e-19],\n",
       "       [-4.14255615e-15,  7.85240200e-16, -2.32172466e-16,\n",
       "         2.52144310e-16, -1.38290749e-18, -1.39476868e-18,\n",
       "         3.26655239e-07, -1.21996957e-19, -1.40024387e-19],\n",
       "       [-4.92673689e-15,  1.90029669e-15,  2.67191859e-16,\n",
       "        -5.50864316e-16, -4.72516226e-18, -2.16916474e-18,\n",
       "        -1.21996957e-19,  4.16245298e-19, -2.48457414e-27],\n",
       "       [ 3.02622201e-15, -3.93889839e-15,  1.29172544e-15,\n",
       "        -8.02258254e-16,  1.36548029e-18, -8.80898260e-19,\n",
       "        -1.40024387e-19, -2.48457414e-27,  4.93679921e-20]])"
      ]
     },
     "execution_count": 53,
     "metadata": {},
     "output_type": "execute_result"
    }
   ],
   "source": [
    "np.cov(Z.values.T)"
   ]
  },
  {
   "cell_type": "code",
   "execution_count": 54,
   "metadata": {},
   "outputs": [],
   "source": [
    "demo_pcs = ratespop2.copy()\n",
    "demo_pcs['PC1'] = Z.iloc[:,0]\n",
    "demo_pcs['PC2'] = Z.iloc[:,1]\n",
    "\n",
    "demo_pcs = pd.melt(demo_pcs, id_vars=['PC1','PC2'])"
   ]
  },
  {
   "cell_type": "code",
   "execution_count": 55,
   "metadata": {},
   "outputs": [
    {
     "data": {
